sdsds
5 4 4 6 4 4 1 2 4 1 1 1 6 5 2 1 5 2 4 1 2 1 6 4 2 2 2 1 1 6
3
76 44 74 46 77 73
76 44 74 46 78 73
76 44 74 47 78 73
76 44 74 46 78 73
76 44 74 46 78 82
76 44 74 45 78 82
76 44 74 36 78 82
66 44 74 36 78 82
66 35 74 36 78 82
66 -1 74 35 78 82
67 -1 74 35 78 82
58 -1 74 35 78 82
49 -1 74 35 78 82
49 -1 74 35 78 73
49 -1 74 35 77 73
48 -1 74 35 77 73
39 -1 74 35 77 73
39 -1 74 35 76 73
38 -1 74 35 76 73
38 -1 74 34 76 73
29 -1 74 34 76 73
38 -1 74 34 76 73
28 -1 74 34 76 73
28 -1 74 34 76 63
28 -1 74 25 76 63
27 -1 74 25 76 63
18 -1 74 25 76 63
17 -1 74 25 76 63
26 -1 74 25 76 63
36 -1 74 25 76 63
36 -1 74 25 76 62
